"","season","week","lag","ili"
"1",2017,1,1,3.23286
"2",2017,1,2,3.17391
"3",2017,1,3,3.1484
"4",2017,1,4,3.17507
"5",2017,1,5,3.16048
"6",2017,1,6,3.16453
"7",2017,1,7,3.15439
"8",2017,1,8,3.14914
"9",2017,1,9,3.14418
"10",2017,1,10,3.14418
"11",2017,2,1,3.15456
"12",2017,2,2,3.13864
"13",2017,2,3,3.15186
"14",2017,2,4,3.12822
"15",2017,2,5,3.12516
"16",2017,2,6,3.11407
"17",2017,2,7,3.11352
"18",2017,2,8,3.1054
"19",2017,2,9,3.10465
"20",2017,2,10,3.10502
"21",2017,3,1,3.58658
"22",2017,3,2,3.59174
"23",2017,3,3,3.52688
"24",2017,3,4,3.51952
"25",2017,3,5,3.49771
"26",2017,3,6,3.49479
"27",2017,3,7,3.48547
"28",2017,3,8,3.48463
"29",2017,3,9,3.48545
"30",2017,3,10,3.47716
"31",2017,4,1,3.70304
"32",2017,4,2,3.63182
"33",2017,4,3,3.62266
"34",2017,4,4,3.60683
"35",2017,4,5,3.60253
"36",2017,4,6,3.59209
"37",2017,4,7,3.58926
"38",2017,4,8,3.58555
"39",2017,4,9,3.57827
"40",2017,4,10,3.57636
"41",2017,5,1,4.19928
"42",2017,5,2,4.17972
"43",2017,5,3,4.16737
"44",2017,5,4,4.16018
"45",2017,5,5,4.14577
"46",2017,5,6,4.1412
"47",2017,5,7,4.13805
"48",2017,5,8,4.13098
"49",2017,5,9,4.12923
"50",2017,5,10,4.12617
"51",2017,6,1,4.98851
"52",2017,6,2,4.93627
"53",2017,6,3,4.93497
"54",2017,6,4,4.94688
"55",2017,6,5,4.90664
"56",2017,6,6,4.8889
"57",2017,6,7,4.87684
"58",2017,6,8,4.87296
"59",2017,6,9,4.86941
"60",2017,6,10,4.81417
"61",2017,7,1,4.87499
"62",2017,7,2,4.83672
"63",2017,7,3,4.85387
"64",2017,7,4,4.81618
"65",2017,7,5,4.80599
"66",2017,7,6,4.79669
"67",2017,7,7,4.79268
"68",2017,7,8,4.78773
"69",2017,7,9,4.72123
"70",2017,7,10,4.71428
"71",2017,8,1,4.78554
"72",2017,8,2,4.77823
"73",2017,8,3,4.71975
"74",2017,8,4,4.70692
"75",2017,8,5,4.69365
"76",2017,8,6,4.69076
"77",2017,8,7,4.68488
"78",2017,8,8,4.63346
"79",2017,8,9,4.6248
"80",2017,8,10,4.62389
"81",2017,9,1,3.64834
"82",2017,9,2,3.59922
"83",2017,9,3,3.59628
"84",2017,9,4,3.56618
"85",2017,9,5,3.56201
"86",2017,9,6,3.55306
"87",2017,9,7,3.50673
"88",2017,9,8,3.49996
"89",2017,9,9,3.49936
"90",2017,9,10,3.49276
"91",2017,10,1,3.46358
"92",2017,10,2,3.4455
"93",2017,10,3,3.43707
"94",2017,10,4,3.42734
"95",2017,10,5,3.41981
"96",2017,10,6,3.36216
"97",2017,10,7,3.356
"98",2017,10,8,3.35604
"99",2017,10,9,3.34929
"100",2017,10,10,3.3491
"101",2017,11,1,3.33112
"102",2017,11,2,3.32723
"103",2017,11,3,3.32152
"104",2017,11,4,3.31339
"105",2017,11,5,3.24567
"106",2017,11,6,3.2382
"107",2017,11,7,3.23649
"108",2017,11,8,3.23197
"109",2017,11,9,3.23193
"110",2017,11,10,3.23137
"111",2017,12,1,3.30164
"112",2017,12,2,3.27984
"113",2017,12,3,3.27063
"114",2017,12,4,3.19332
"115",2017,12,5,3.18766
"116",2017,12,6,3.18191
"117",2017,12,7,3.17282
"118",2017,12,8,3.17004
"119",2017,12,9,3.16852
"120",2017,12,10,3.16504
"121",2017,13,1,3.04608
"122",2017,13,2,3.03924
"123",2017,13,3,2.95399
"124",2017,13,4,2.94492
"125",2017,13,5,2.93839
"126",2017,13,6,2.92432
"127",2017,13,7,2.92153
"128",2017,13,8,2.92086
"129",2017,13,9,2.92148
"130",2017,13,10,2.92134
"131",2017,14,1,2.55542
"132",2017,14,2,2.4558
"133",2017,14,3,2.43502
"134",2017,14,4,2.4305
"135",2017,14,5,2.41983
"136",2017,14,6,2.41608
"137",2017,14,7,2.4159
"138",2017,14,8,2.42067
"139",2017,14,9,2.42071
"140",2017,14,10,2.42058
"141",2017,15,1,1.99469
"142",2017,15,2,1.97105
"143",2017,15,3,1.95915
"144",2017,15,4,1.94364
"145",2017,15,5,1.93825
"146",2017,15,6,1.93797
"147",2017,15,7,1.94034
"148",2017,15,8,1.95051
"149",2017,15,9,1.95032
"150",2017,15,10,1.95301
"151",2017,16,1,1.69969
"152",2017,16,2,1.69782
"153",2017,16,3,1.68202
"154",2017,16,4,1.67091
"155",2017,16,5,1.6705
"156",2017,16,6,1.67216
"157",2017,16,7,1.6713
"158",2017,16,8,1.67025
"159",2017,16,9,1.67355
"160",2017,16,10,1.67274
"161",2017,17,1,1.58017
"162",2017,17,2,1.55203
"163",2017,17,3,1.5221
"164",2017,17,4,1.52501
"165",2017,17,5,1.52731
"166",2017,17,6,1.531
"167",2017,17,7,1.53049
"168",2017,17,8,1.53068
"169",2017,17,9,1.53018
"170",2017,17,10,1.52994
"171",2017,18,1,1.43239
"172",2017,18,2,1.39819
"173",2017,18,3,1.40285
"174",2017,18,4,1.40383
"175",2017,18,5,1.40089
"176",2017,18,6,1.40106
"177",2017,18,7,1.40187
"178",2017,18,8,1.39946
"179",2017,18,9,1.3994
"180",2017,18,10,1.39901
"181",2017,19,1,1.3702
"182",2017,19,2,1.3694
"183",2017,19,3,1.37064
"184",2017,19,4,1.36179
"185",2017,19,5,1.36164
"186",2017,19,6,1.36052
"187",2017,19,7,1.35806
"188",2017,19,8,1.35802
"189",2017,19,9,1.35747
"190",2017,19,10,1.35709
"191",2017,20,1,1.44556
"192",2017,20,2,1.44285
"193",2017,20,3,1.43611
"194",2017,20,4,1.43409
"195",2017,20,5,1.4342
"196",2017,20,6,1.41731
"197",2017,20,7,1.41655
"198",2017,20,8,1.41632
"199",2017,20,9,1.41543
"200",2017,20,10,1.41421
"201",2017,21,1,1.38088
"202",2017,21,2,1.3606
"203",2017,21,3,1.35799
"204",2017,21,4,1.34938
"205",2017,21,5,1.33314
"206",2017,21,6,1.32669
"207",2017,21,7,1.32109
"208",2017,21,8,1.32048
"209",2017,21,9,1.31828
"210",2017,21,10,1.31859
"211",2017,22,1,1.34791
"212",2017,22,2,1.34317
"213",2017,22,3,1.34093
"214",2017,22,4,1.31894
"215",2017,22,5,1.3117
"216",2017,22,6,1.30656
"217",2017,22,7,1.3081
"218",2017,22,8,1.30775
"219",2017,22,9,1.30792
"220",2017,22,10,1.30887
"221",2017,23,1,1.26178
"222",2017,23,2,1.25872
"223",2017,23,3,1.23555
"224",2017,23,4,1.22915
"225",2017,23,5,1.22207
"226",2017,23,6,1.22198
"227",2017,23,7,1.21662
"228",2017,23,8,1.21657
"229",2017,23,9,1.21846
"230",2017,23,10,1.21824
"231",2017,24,1,1.15847
"232",2017,24,2,1.12097
"233",2017,24,3,1.11265
"234",2017,24,4,1.11103
"235",2017,24,5,1.10586
"236",2017,24,6,1.1081
"237",2017,24,7,1.10796
"238",2017,24,8,1.11177
"239",2017,24,9,1.11076
"240",2017,24,10,1.10904
"241",2017,25,1,1.05773
"242",2017,25,2,1.0817
"243",2017,25,3,1.0727
"244",2017,25,4,1.05858
"245",2017,25,5,1.05983
"246",2017,25,6,1.05276
"247",2017,25,7,1.05551
"248",2017,25,8,1.05401
"249",2017,25,9,1.05162
"250",2017,25,10,1.05106
"251",2017,26,1,1.02092
"252",2017,26,2,1.00069
"253",2017,26,3,0.980696
"254",2017,26,4,0.977105
"255",2017,26,5,0.971177
"256",2017,26,6,0.972216
"257",2017,26,7,0.970554
"258",2017,26,8,0.970209
"259",2017,26,9,0.970015
"260",2017,26,10,0.969952
"261",2017,27,1,1.06702
"262",2017,27,2,1.05229
"263",2017,27,3,1.03983
"264",2017,27,4,1.02761
"265",2017,27,5,1.02478
"266",2017,27,6,1.02332
"267",2017,27,7,1.0218
"268",2017,27,8,1.02109
"269",2017,27,9,1.01816
"270",2017,27,10,1.01808
"271",2017,28,1,0.851549
"272",2017,28,2,0.844171
"273",2017,28,3,0.845598
"274",2017,28,4,0.844047
"275",2017,28,5,0.841811
"276",2017,28,6,0.84053
"277",2017,28,7,0.837453
"278",2017,28,8,0.835407
"279",2017,28,9,0.83732
"280",2017,28,10,0.837365
"281",2017,29,1,0.849602
"282",2017,29,2,0.834566
"283",2017,29,3,0.833221
"284",2017,29,4,0.827095
"285",2017,29,5,0.825277
"286",2017,29,6,0.827971
"287",2017,29,7,0.825401
"288",2017,29,8,0.825563
"289",2017,29,9,0.824269
"290",2017,29,10,0.817153
"291",2017,30,1,0.860468
"292",2017,30,2,0.849142
"293",2017,30,3,0.833772
"294",2017,30,4,0.83438
"295",2017,30,5,0.830052
"296",2017,30,6,0.829488
"297",2017,30,7,0.82915
"298",2017,30,8,0.828049
"299",2017,30,9,0.821128
"300",2017,30,10,0.821128
"301",2017,31,1,0.86888
"302",2017,31,2,0.850493
"303",2017,31,3,0.848145
"304",2017,31,4,0.83998
"305",2017,31,5,0.840693
"306",2017,31,6,0.840006
"307",2017,31,7,0.840745
"308",2017,31,8,0.834601
"309",2017,31,9,0.834601
"310",2017,31,10,0.834012
"311",2017,32,1,0.833504
"312",2017,32,2,0.851573
"313",2017,32,3,0.843242
"314",2017,32,4,0.844969
"315",2017,32,5,0.844953
"316",2017,32,6,0.842489
"317",2017,32,7,0.832827
"318",2017,32,8,0.832827
"319",2017,32,9,0.832743
"320",2017,32,10,0.830696
"321",2017,33,1,0.934833
"322",2017,33,2,0.918242
"323",2017,33,3,0.900124
"324",2017,33,4,0.899081
"325",2017,33,5,0.897293
"326",2017,33,6,0.88682
"327",2017,33,7,0.88682
"328",2017,33,8,0.88907
"329",2017,33,9,0.888756
"330",2017,33,10,0.887982
"331",2017,34,1,1.09894
"332",2017,34,2,1.08277
"333",2017,34,3,1.07846
"334",2017,34,4,1.07548
"335",2017,34,5,1.06367
"336",2017,34,6,1.06367
"337",2017,34,7,1.06719
"338",2017,34,8,1.066
"339",2017,34,9,1.06484
"340",2017,34,10,1.0633
"341",2017,35,1,1.16814
"342",2017,35,2,1.15198
"343",2017,35,3,1.14945
"344",2017,35,4,1.13027
"345",2017,35,5,1.13027
"346",2017,35,6,1.12728
"347",2017,35,7,1.12571
"348",2017,35,8,1.1225
"349",2017,35,9,1.12151
"350",2017,35,10,1.12138
"351",2017,36,1,1.16929
"352",2017,36,2,1.16473
"353",2017,36,3,1.15156
"354",2017,36,4,1.15156
"355",2017,36,5,1.14952
"356",2017,36,6,1.14805
"357",2017,36,7,1.14422
"358",2017,36,8,1.14196
"359",2017,36,9,1.14166
"360",2017,36,10,1.13902
"361",2017,37,1,1.16566
"362",2017,37,2,1.15296
"363",2017,37,3,1.15296
"364",2017,37,4,1.14212
"365",2017,37,5,1.13965
"366",2017,37,6,1.14076
"367",2017,37,7,1.13907
"368",2017,37,8,1.13881
"369",2017,37,9,1.13567
"370",2017,37,10,1.13462
"371",2017,38,1,1.19018
"372",2017,38,2,1.19018
"373",2017,38,3,1.16499
"374",2017,38,4,1.16524
"375",2017,38,5,1.17796
"376",2017,38,6,1.1768
"377",2017,38,7,1.1765
"378",2017,38,8,1.17505
"379",2017,38,9,1.17468
"380",2017,38,10,1.17468
"381",2017,39,1,1.26296
"382",2017,39,2,1.23358
"383",2017,39,3,1.23297
"384",2017,39,4,1.24575
"385",2017,39,5,1.24395
"386",2017,39,6,1.24405
"387",2017,39,7,1.24168
"388",2017,39,8,1.24118
"389",2017,39,9,1.24118
"390",2017,39,10,1.24118
"391",2017,40,1,1.14947
"392",2017,40,2,1.25324
"393",2017,40,3,1.2578
"394",2017,40,4,1.25717
"395",2017,40,5,1.25115
"396",2017,40,6,1.24763
"397",2017,40,7,1.24748
"398",2017,40,8,1.24585
"399",2017,40,9,1.24575
"400",2017,40,10,1.2494
"401",2017,41,1,1.329
"402",2017,41,2,1.33364
"403",2017,41,3,1.32972
"404",2017,41,4,1.3208
"405",2017,41,5,1.31686
"406",2017,41,6,1.31659
"407",2017,41,7,1.31374
"408",2017,41,8,1.31364
"409",2017,41,9,1.31666
"410",2017,41,10,1.33955
"411",2017,42,1,1.38537
"412",2017,42,2,1.38242
"413",2017,42,3,1.37048
"414",2017,42,4,1.36558
"415",2017,42,5,1.36527
"416",2017,42,6,1.36153
"417",2017,42,7,1.36049
"418",2017,42,8,1.36489
"419",2017,42,9,1.4148
"420",2017,42,10,1.41461
"421",2017,43,1,1.562
"422",2017,43,2,1.54537
"423",2017,43,3,1.5402
"424",2017,43,4,1.53143
"425",2017,43,5,1.53332
"426",2017,43,6,1.53116
"427",2017,43,7,1.53418
"428",2017,43,8,1.57923
"429",2017,43,9,1.57911
"430",2017,43,10,NA
"431",2017,44,1,1.67005
"432",2017,44,2,1.6577
"433",2017,44,3,1.65809
"434",2017,44,4,1.65529
"435",2017,44,5,1.66307
"436",2017,44,6,1.66626
"437",2017,44,7,1.7111
"438",2017,44,8,1.71085
"439",2017,44,9,NA
"440",2017,44,10,NA
"441",2017,45,1,1.84177
"442",2017,45,2,1.82854
"443",2017,45,3,1.82129
"444",2017,45,4,1.81708
"445",2017,45,5,1.81884
"446",2017,45,6,1.86357
"447",2017,45,7,1.86272
"448",2017,45,8,NA
"449",2017,45,9,NA
"450",2017,45,10,NA
"451",2017,46,1,2.07066
"452",2017,46,2,2.05882
"453",2017,46,3,2.0515
"454",2017,46,4,2.05286
"455",2017,46,5,2.0666
"456",2017,46,6,2.06867
"457",2017,46,7,NA
"458",2017,46,8,NA
"459",2017,46,9,NA
"460",2017,46,10,NA
"461",2017,47,1,2.34505
"462",2017,47,2,2.34574
"463",2017,47,3,2.34933
"464",2017,47,4,2.33908
"465",2017,47,5,2.33456
"466",2017,47,6,NA
"467",2017,47,7,NA
"468",2017,47,8,NA
"469",2017,47,9,NA
"470",2017,47,10,NA
"471",2017,48,1,2.28463
"472",2017,48,2,2.2865
"473",2017,48,3,2.27579
"474",2017,48,4,2.25902
"475",2017,48,5,NA
"476",2017,48,6,NA
"477",2017,48,7,NA
"478",2017,48,8,NA
"479",2017,48,9,NA
"480",2017,48,10,NA
"481",2017,49,1,2.55024
"482",2017,49,2,2.52057
"483",2017,49,3,2.50492
"484",2017,49,4,NA
"485",2017,49,5,NA
"486",2017,49,6,NA
"487",2017,49,7,NA
"488",2017,49,8,NA
"489",2017,49,9,NA
"490",2017,49,10,NA
"491",2017,50,1,3.27404
"492",2017,50,2,3.21243
"493",2017,50,3,NA
"494",2017,50,4,NA
"495",2017,50,5,NA
"496",2017,50,6,NA
"497",2017,50,7,NA
"498",2017,50,8,NA
"499",2017,50,9,NA
"500",2017,50,10,NA
"501",2017,51,1,4.49293
"502",2017,51,2,NA
"503",2017,51,3,NA
"504",2017,51,4,NA
"505",2017,51,5,NA
"506",2017,51,6,NA
"507",2017,51,7,NA
"508",2017,51,8,NA
"509",2017,51,9,NA
"510",2017,51,10,NA
"511",2017,52,1,NA
"512",2017,52,2,NA
"513",2017,52,3,NA
"514",2017,52,4,NA
"515",2017,52,5,NA
"516",2017,52,6,NA
"517",2017,52,7,NA
"518",2017,52,8,NA
"519",2017,52,9,NA
"520",2017,52,10,NA
